config:
  batch_size: 256
  latent_dim: 134
  num_HL: 3
  opt_lr: 1.4131546335938204e-05
  opt_wd: 7.351570637400913e-06
score: 0.6795774647887324
