config:
  umap_epochs: 165
  umap_mdist: 1.8494272701273848
  umap_ncomp: 55
  umap_neigh: 13
  umap_spread: 1.903872427734457
score: 0.6274576271186441
