config:
  umap_epochs: 455
  umap_mdist: 0.06582461952261887
  umap_ncomp: 39
  umap_neigh: 4
  umap_spread: 1.9551243815837265
score: 0.6530952380952381
