config:
  batch_size: 64
  latent_dim: 74
  num_HL: 3
  opt_lr: 0.00036826670785664804
  opt_wd: 1.3311621535486392e-06
score: 0.6546948356807513
