config:
  batch_size: 128
  latent_dim: 90
  num_HL: 2
  opt_lr: 2.5060255527850626e-05
  opt_wd: 3.7448646202699413e-06
score: 0.7523809523809524
