config:
  batch_size: 128
  latent_dim: 90
  num_HL: 2
  opt_lr: 0.0001003201004882619
  opt_wd: 6.4784887880296126e-06
score: 0.7523809523809524
