config:
  umap_epochs: 541
  umap_mdist: 1.4872257803598623
  umap_ncomp: 244
  umap_neigh: 4
  umap_spread: 1.5022640554750084
score: 0.6540476190476191
