config:
  batch_size: 64
  kernel: 4
  latent_dim: 526
  num_CL: 2
  num_HL: 2
  opt_lr: 3.702317196349378e-05
  opt_wd: 3.4536337476993307e-06
  size_CL: 10
score: 0.8352941176470589
