config:
  batch_size: 64
  down_HL: 8
  latent_dim: 26
  num_HL: 2
  opt_lr: 0.00010287493219056639
  opt_wd: 4.757745468060461e-06
  size_HL: 255
score: 0.6690140845070423
