config:
  batch_size: 256
  down_HL: 4
  latent_dim: 9
  num_HL: 2
  opt_lr: 1.1091684358155715e-05
  opt_wd: 7.057864011098927e-06
  size_HL: 302
score: 0.6784037558685446
