config:
  latent_dim: 88
  model_lamda: 1.2238481506680277
  num_CL: 6
  num_HL: 2
  size_CL: 11
  size_HL: 26
score: 0.8088235294117647
