config:
  batch_size: 64
  latent_dim: 18
  num_HL: 5
  opt_lr: 1.3748576940870215e-05
  opt_wd: 5.521336928025121e-06
score: -0.1
