config:
  batch_size: 128
  latent_dim: 164
  num_HL: 2
  opt_lr: 1.238053736000745e-05
  opt_wd: 7.816049882336427e-06
score: 0.7833333333333333
