config:
  batch_size: 128
  kernel: 4
  latent_dim: 428
  m_lambda: 1.2745396073404514
  num_CL: 4
  num_HL: 4
  opt_lr: 2.309611924305889e-05
  opt_wd: 7.419301890359197e-06
  size_CL: 24
score: 0.7847417840375587
