config:
  batch_size: 64
  kernel: 3
  latent_dim: 335
  m_lambda: 2.888218701068283
  num_CL: 6
  num_HL: 4
  opt_lr: 9.312673555275532e-05
  opt_wd: 6.906624330602319e-06
  size_CL: 17
score: 0.7363849765258216
