config:
  batch_size: 128
  kernel: 4
  latent_dim: 49
  num_CL: 3
  num_HL: 2
  opt_lr: 1.752934453818362e-05
  opt_wd: 3.442912397781305e-06
  size_CL: 16
score: 0.7992372881355932
