config:
  batch_size: 256
  down_HL: 10
  latent_dim: 22
  num_HL: 2
  opt_lr: 1.198299181368894e-05
  opt_wd: 3.387889346205608e-06
  size_HL: 269
score: 0.6643192488262911
