config:
  batch_size: 64
  kernel: 3
  latent_dim: 93
  m_lambda: 1.7302478274456692
  num_CL: 4
  num_HL: 2
  opt_lr: 0.00013607231132410608
  opt_wd: 9.081553711271058e-06
  size_CL: 26
score: 0.7802380952380952
