config:
  batch_size: 64
  latent_dim: 165
  num_HL: 2
  opt_lr: 3.595681805899564e-05
  opt_wd: 3.571301004775683e-06
score: 0.7664406779661016
