config:
  umap_mdist: 0.2992434238297879
  umap_ncomp: 170
  umap_neigh: 5
  umap_spread: 1.9999213312344188
score: 0.42018779342723006
