config:
  umap_epochs: 228
  umap_mdist: 1.0069033742276814
  umap_ncomp: 72
  umap_neigh: 5
  umap_spread: 1.3791592399646375
score: 0.7670588235294117
