config:
  batch_size: 256
  latent_dim: 15
  num_HL: 5
  opt_lr: 8.715249044967766e-05
  opt_wd: 3.242859754779689e-06
score: -0.1
