config:
  batch_size: 32
  latent_dim: 44
  num_HL: 8
  opt_lr: 1.0001243509847497e-05
  opt_wd: 4.811360419358107e-06
score: 0.6835680751173709
