config:
  umap_epochs: 401
  umap_mdist: 1.576102646861391
  umap_ncomp: 283
  umap_neigh: 3
  umap_spread: 1.7496823886057586
score: 0.4014084507042254
