config:
  umap_epochs: 151
  umap_mdist: 1.4807313035252498
  umap_ncomp: 241
  umap_neigh: 13
  umap_spread: 1.71702381474017
score: 0.6494066882416397
