config:
  batch_size: 64
  latent_dim: 381
  m_lambda: 0.748897887437336
  num_HL: 8
  opt_lr: 1.0065723935748636e-05
  opt_wd: 3.2464042918486107e-07
score: 0.686150234741784
