config:
  latent_dim: 295
  model_lamda: 0.8869038524134522
  num_CL: 8
  num_HL: 3
  size_CL: 13
  size_HL: 57
score: 0.7499999999999999
