config:
  batch_size: 128
  kernel: 4
  latent_dim: 164
  num_CL: 3
  num_HL: 2
  opt_lr: 2.6697102125988468e-05
  opt_wd: 4.945559219272834e-07
  size_CL: 7
score: 0.7952380952380952
