config:
  batch_size: 64
  latent_dim: 59
  num_HL: 2
  opt_lr: 0.0002706095980612043
  opt_wd: 6.859971543746425e-06
score: 0.7738983050847459
