config:
  umap_mdist: 0.08976733214667883
  umap_ncomp: 236
  umap_neigh: 5
  umap_spread: 3
score: 0.431924882629108
