config:
  batch_size: 128
  kernel: 4
  latent_dim: 123
  m_lambda: 2.0421701298456543
  num_CL: 4
  num_HL: 2
  opt_lr: 3.692865782746868e-05
  opt_wd: 1.7293781019185666e-06
  size_CL: 10
score: 0.8370588235294116
