config:
  batch_size: 128
  down_HL: 7
  latent_dim: 66
  num_HL: 2
  opt_lr: 0.00010398450349074958
  opt_wd: 7.770587745331672e-06
  size_HL: 220
score: 0.6643192488262911
