config:
  batch_size: 128
  latent_dim: 46
  m_lambda: 2.8232745142504703
  num_HL: 8
  opt_lr: 1.4836019072304025e-05
  opt_wd: 3.759982165945866e-06
score: 0.6738095238095239
