config:
  down_HL: 8
  kernel_size: 4
  latent_dim: 128
  model_lamda: 0.32024795007405393
  num_CL: 6
  num_HL: 2
  opt_lr: 0.00015395344933797036
  opt_wd: 9.602288809693533e-07
  size_CL: 14
  size_HL: 64
score: 0.8229411764705882
