config:
  umap_epochs: 407
  umap_mdist: 0.12568518231227566
  umap_ncomp: 242
  umap_neigh: 3
  umap_spread: 1.781448895459057
score: 0.4084507042253521
