config:
  batch_size: 128
  latent_dim: 226
  m_lambda: 1.2199062865467458
  num_HL: 2
  opt_lr: 0.0009930704071097584
  opt_wd: 6.49444451349504e-06
score: 0.7926470588235295
