config:
  batch_size: 128
  latent_dim: 391
  num_HL: 4
  opt_lr: 5.6430022762696174e-05
  opt_wd: 3.1429798575558277e-07
score: -0.1
