config:
  batch_size: 64
  kernel: 3
  latent_dim: 84
  num_CL: 3
  num_HL: 2
  opt_lr: 8.020862145570396e-05
  opt_wd: 2.3001866453951686e-06
  size_CL: 3
score: 0.780952380952381
