config:
  batch_size: 128
  latent_dim: 198
  num_HL: 3
  opt_lr: 0.0003441421222709307
  opt_wd: 5.094079976812686e-06
score: 0.6652582159624413
