config:
  umap_epochs: 492
  umap_mdist: 0.28282807104326085
  umap_ncomp: 51
  umap_neigh: 5
  umap_spread: 1.9984502566461728
score: 0.4225352112676056
