config:
  batch_size: 128
  latent_dim: 77
  num_HL: 3
  opt_lr: 0.00031723826474731713
  opt_wd: 5.947880107524363e-07
score: 0.8002941176470589
