config:
  batch_size: 128
  latent_dim: 26
  num_HL: 2
  opt_lr: 8.095850188136879e-05
  opt_wd: 2.182836618048381e-06
score: 0.7952941176470588
