config:
  batch_size: 128
  kernel: 3
  latent_dim: 83
  m_lambda: 2.562732049784196
  num_CL: 4
  num_HL: 3
  opt_lr: 1.0005501256042971e-05
  opt_wd: 8.905940829801585e-06
  size_CL: 12
score: 0.756472491909385
