config:
  batch_size: 128
  kernel: 2
  latent_dim: 12
  m_lambda: 2.8522181458403733
  num_CL: 4
  num_HL: 4
  opt_lr: 2.998130734528179e-05
  opt_wd: 4.500520605539512e-06
  size_CL: 28
score: 0.6295037756202804
