config:
  batch_size: 128
  down_HL: 17
  latent_dim: 40
  num_HL: 2
  opt_lr: 0.00019939969321998663
  opt_wd: 7.896756826013349e-06
  size_HL: 221
score: 0.6220657276995305
