config:
  batch_size: 256
  down_HL: 13
  latent_dim: 42
  num_HL: 2
  opt_lr: 0.00010013707675956333
  opt_wd: 3.78877929733072e-06
  size_HL: 340
score: 0.676056338028169
