config:
  latent_dim: 311
  model_lamda: 1.3912070284168532
  num_CL: 5
  num_HL: 2
  size_CL: 22
  size_HL: 131
score: 0.7761596548004316
