config:
  umap_epochs: 204
  umap_mdist: 1.858513910597369
  umap_ncomp: 67
  umap_neigh: 117
  umap_spread: 1.951856755857652
score: 0.5968716289104639
