config:
  batch_size: 64
  kernel: 4
  latent_dim: 190
  num_CL: 4
  num_HL: 2
  opt_lr: 4.34630270902223e-05
  opt_wd: 1.7104977413909308e-06
  size_CL: 12
score: 0.7972033898305084
