config:
  batch_size: 128
  kernel: 2
  latent_dim: 21
  m_lambda: 1.1481132897383635
  num_CL: 4
  num_HL: 2
  opt_lr: 0.00018458704752812423
  opt_wd: 6.772643944911277e-06
  size_CL: 20
score: 0.8349514563106796
