config:
  umap_epochs: 371
  umap_mdist: 1.22070374487092
  umap_ncomp: 291
  umap_neigh: 13
  umap_spread: 1.2836251882693486
score: 0.6426271186440679
