config:
  batch_size: 64
  kernel: 4
  latent_dim: 213
  num_CL: 3
  num_HL: 2
  opt_lr: 1.6202795800677924e-05
  opt_wd: 2.4770698212803443e-08
  size_CL: 27
score: 0.7615023474178404
