config:
  batch_size: 128
  latent_dim: 61
  num_HL: 3
  opt_lr: 3.623498976706495e-05
  opt_wd: 8.825311291263744e-06
score: 0.6683098591549296
