config:
  batch_size: 128
  kernel: 2
  latent_dim: 78
  m_lambda: 0.52182438949463
  num_CL: 4
  num_HL: 4
  opt_lr: 0.000324712359972989
  opt_wd: 3.16464041889942e-06
  size_CL: 11
score: 0.782394366197183
