config:
  batch_size: 64
  latent_dim: 383
  m_lambda: 2.9373718618816858
  num_HL: 6
  opt_lr: 2.6937827065557005e-05
  opt_wd: 9.403811041739674e-06
score: 0.7726470588235294
