config:
  umap_epochs: 461
  umap_mdist: 1.6211543396227448
  umap_ncomp: 485
  umap_neigh: 57
  umap_spread: 1.6609485880507302
score: 0.5733549083063646
