config:
  down_HL: 1
  kernel_size: 7
  latent_dim: 338
  model_lamda: 1.7110536528823395
  num_CL: 5
  num_HL: 2
  opt_lr: 1.0485751521158435e-06
  opt_wd: 6.930310532202496e-07
  size_CL: 17
  size_HL: 56
score: 0.7089201877934271
