config:
  umap_epochs: 532
  umap_mdist: 0.8016641406688454
  umap_ncomp: 143
  umap_neigh: 4
  umap_spread: 1.2743673028331672
score: 0.657857142857143
