config:
  batch_size: 64
  latent_dim: 175
  num_HL: 8
  opt_lr: 0.0002635506051048791
  opt_wd: 9.170297072789728e-06
score: -0.1
