config:
  umap_epochs: 374
  umap_mdist: 0.0498245463277211
  umap_ncomp: 2
  umap_neigh: 6
  umap_spread: 1.2280025350900525
score: 0.4225352112676056
