config:
  umap_epochs: 168
  umap_mdist: 1.2422698399651615
  umap_ncomp: 45
  umap_neigh: 9
  umap_spread: 1.865632335048197
score: 0.6483279395900755
