config:
  batch_size: 64
  kernel: 4
  latent_dim: 108
  num_CL: 3
  num_HL: 2
  opt_lr: 2.3660025454232113e-05
  opt_wd: 6.332639807812366e-06
  size_CL: 27
score: 0.825
