config:
  umap_mdist: 1.2888751212398084
  umap_ncomp: 339
  umap_neigh: 3
  umap_spread: 1.4351763358981466
score: 0.40375586854460094
