config:
  batch_size: 128
  latent_dim: 156
  m_lambda: 2.7620817949951832
  num_HL: 8
  opt_lr: 4.203320400136612e-05
  opt_wd: 3.585209517779801e-06
score: 0.6842857142857144
