config:
  batch_size: 128
  kernel: 4
  latent_dim: 70
  m_lambda: 2.4064349462656858
  num_CL: 3
  num_HL: 2
  opt_lr: 8.865727945355259e-05
  opt_wd: 3.111970748416482e-06
  size_CL: 14
score: 0.7685714285714285
