config:
  batch_size: 64
  kernel: 4
  latent_dim: 81
  m_lambda: 1.278563454276209
  num_CL: 4
  num_HL: 2
  opt_lr: 0.00018760553422508838
  opt_wd: 6.587837862727839e-06
  size_CL: 24
score: 0.7819047619047619
