config:
  batch_size: 128
  kernel: 4
  latent_dim: 235
  m_lambda: 2.574908636982844
  num_CL: 4
  num_HL: 4
  opt_lr: 3.2167023017524016e-05
  opt_wd: 7.840040958930271e-06
  size_CL: 25
score: 0.7640845070422535
