config:
  batch_size: 64
  latent_dim: 105
  num_HL: 2
  opt_lr: 0.0003948144429640764
  opt_wd: 7.07381429913069e-07
score: 0.8029411764705883
