config:
  batch_size: 64
  kernel: 4
  latent_dim: 582
  m_lambda: 0.1773008049322336
  num_CL: 4
  num_HL: 2
  opt_lr: 6.635896060677471e-05
  opt_wd: 8.444066968748237e-06
  size_CL: 25
score: 0.8166666666666667
