config:
  batch_size: 64
  kernel: 3
  latent_dim: 291
  num_CL: 3
  num_HL: 2
  opt_lr: 2.456116787165755e-05
  opt_wd: 9.709110772543198e-06
  size_CL: 16
score: 0.7699530516431925
