config:
  batch_size: 128
  kernel: 3
  latent_dim: 71
  num_CL: 3
  num_HL: 3
  opt_lr: 9.363423273281406e-05
  opt_wd: 2.402653738062215e-06
  size_CL: 27
score: 0.6446009389671362
