config:
  batch_size: 128
  kernel: 4
  latent_dim: 128
  m_lambda: 0.923030787368825
  num_CL: 3
  num_HL: 2
  opt_lr: 0.00015873468125274457
  opt_wd: 1.331197301169152e-06
  size_CL: 32
score: 0.8215254237288135
