config:
  umap_epochs: 169
  umap_mdist: 1.5789399941752438
  umap_ncomp: 222
  umap_neigh: 13
  umap_spread: 1.8228577907158408
score: 0.6472491909385113
