config:
  batch_size: 128
  kernel: 3
  latent_dim: 81
  num_CL: 3
  num_HL: 2
  opt_lr: 4.860704814723429e-05
  opt_wd: 6.994656287259471e-06
  size_CL: 19
score: 0.7657276995305164
