config:
  down_HL: 5
  kernel_size: 5
  latent_dim: 11
  num_CL: 3
  num_HL: 2
  opt_lr: 0.00027959384162882964
  size_CL: 2
  size_HL: 96
score: 0.7147058823529412
