config:
  down_HL: 4
  groups: 1
  kernel_size: 4
  latent_dim: 11
  num_CL: 3
  num_HL: 2
  opt_lr: 0.0001116977605831171
  size_CL: 27
  size_HL: 73
score: 0.7667647058823529
