config:
  down_HL: 5
  groups: 1
  kernel_size: 7
  latent_dim: 9
  num_CL: 6
  num_HL: 2
  opt_lr: 0.0006967850527407461
  size_CL: 10
  size_HL: 95
score: 0.753235294117647
