config:
  batch_size: 256
  down_HL: 9
  latent_dim: 13
  num_HL: 2
  opt_lr: 9.415244481060753e-05
  opt_wd: 5.323540901543759e-06
  size_HL: 257
score: 0.6549295774647887
