config:
  umap_epochs: 187
  umap_mdist: 0.9339220298304818
  umap_ncomp: 13
  umap_neigh: 6
  umap_spread: 1.826754187765125
score: 0.6523809523809524
