config:
  batch_size: 64
  latent_dim: 337
  num_HL: 3
  opt_lr: 1.4485071082298225e-05
  opt_wd: 7.871508626094922e-06
score: 0.6882629107981221
