config:
  batch_size: 256
  down_HL: 2
  latent_dim: 8
  num_HL: 2
  opt_lr: 2.660196141785002e-05
  opt_wd: 8.555805343527138e-06
  size_HL: 343
score: 0.6784037558685446
