config:
  umap_epochs: 538
  umap_mdist: 1.3434485097048425
  umap_ncomp: 6
  umap_neigh: 3
  umap_spread: 1.6102966536563308
score: 0.4154929577464789
