config:
  batch_size: 32
  down_HL: 8
  latent_dim: 60
  num_HL: 2
  opt_lr: 0.00026524474294532834
  opt_wd: 9.979241592881133e-06
  size_HL: 399
score: 0.7185714285714286
