config:
  batch_size: 64
  down_HL: 7
  latent_dim: 165
  num_HL: 8
  opt_lr: 0.0006569893097074832
  opt_wd: 9.01578187889362e-06
  size_HL: 105
score: -0.1
