config:
  down_HL: 18
  kernel_size: 4
  latent_dim: 129
  num_CL: 7
  num_HL: 2
  opt_lr: 0.0001524362719105771
  size_CL: 24
  size_HL: 141
score: 0.8426470588235293
