config:
  batch_size: 64
  kernel: 3
  latent_dim: 277
  m_lambda: 1.6488088920551134
  num_CL: 3
  num_HL: 2
  opt_lr: 6.889054418677607e-05
  opt_wd: 4.417446311708399e-06
  size_CL: 24
score: 0.8033333333333333
