config:
  batch_size: 128
  kernel: 3
  latent_dim: 240
  m_lambda: 2.4623806125617467
  num_CL: 3
  num_HL: 3
  opt_lr: 4.377192246202437e-05
  opt_wd: 9.059553219893894e-06
  size_CL: 29
score: 0.7166666666666667
