config:
  batch_size: 128
  down_HL: 9
  latent_dim: 66
  num_HL: 2
  opt_lr: 0.0003432578845272109
  opt_wd: 8.341280149379184e-06
  size_HL: 324
score: 0.7121428571428571
