config:
  batch_size: 32
  down_HL: 8
  latent_dim: 58
  num_HL: 2
  opt_lr: 0.00023552299914733575
  opt_wd: 7.351369935864841e-06
  size_HL: 346
score: 0.6980952380952381
