config:
  batch_size: 64
  down_HL: 3
  latent_dim: 61
  num_HL: 2
  opt_lr: 0.00023790097389029074
  opt_wd: 9.979762832025446e-06
  size_HL: 283
score: 0.7135714285714286
