config:
  batch_size: 32
  down_HL: 15
  latent_dim: 151
  num_HL: 2
  opt_lr: 0.000489018739198441
  opt_wd: 1.430062354775593e-07
  size_HL: 102
score: 0.6252380952380954
