config:
  umap_epochs: 522
  umap_mdist: 1.223719160290115
  umap_ncomp: 242
  umap_neigh: 3
  umap_spread: 1.267848083141717
score: 0.4084507042253521
