config:
  umap_epochs: 368
  umap_mdist: 0.5375550719898106
  umap_ncomp: 128
  umap_neigh: 10
  umap_spread: 0.6320353554496038
score: 0.7697058823529411
