config:
  umap_epochs: 221
  umap_mdist: 1.3310724022002225
  umap_ncomp: 144
  umap_neigh: 11
  umap_spread: 1.5164431988443134
score: 0.6382203389830508
