config:
  umap_epochs: 209
  umap_mdist: 1.3811417808470272
  umap_ncomp: 20
  umap_neigh: 5
  umap_spread: 1.7233432199113354
score: 0.7644117647058823
