config:
  batch_size: 128
  latent_dim: 531
  num_HL: 2
  opt_lr: 1.764004355220063e-05
  opt_wd: 8.443004455783565e-06
score: 0.8205882352941176
