config:
  batch_size: 32
  down_HL: 16
  latent_dim: 68
  num_HL: 4
  opt_lr: 2.511156543095786e-05
  opt_wd: 5.962189959184161e-06
  size_HL: 306
score: -0.1
