config:
  batch_size: 64
  down_HL: 5
  latent_dim: 56
  num_HL: 7
  opt_lr: 2.5915027256011814e-05
  opt_wd: 5.0729706787452815e-06
  size_HL: 399
score: -0.1
