config:
  batch_size: 128
  latent_dim: 55
  num_HL: 2
  opt_lr: 6.980344220063639e-05
  opt_wd: 7.472273176429203e-06
score: 0.7693220338983051
