config:
  umap_epochs: 522
  umap_mdist: 1.0233286042249792
  umap_ncomp: 5
  umap_neigh: 5
  umap_spread: 1.4100628788006135
score: 0.4014084507042254
