config:
  batch_size: 64
  latent_dim: 131
  num_HL: 2
  opt_lr: 1.0191207859597753e-05
  opt_wd: 6.2710381306255014e-06
score: 0.7595238095238095
