config:
  batch_size: 64
  kernel: 3
  latent_dim: 72
  m_lambda: 2.7607190183572223
  num_CL: 4
  num_HL: 3
  opt_lr: 5.587504048581528e-05
  opt_wd: 2.31136692151024e-06
  size_CL: 30
score: 0.7737089201877935
