config:
  batch_size: 128
  latent_dim: 150
  num_HL: 2
  opt_lr: 4.010655948795735e-05
  opt_wd: 1.1958608042618644e-06
score: 0.7738095238095238
