config:
  batch_size: 64
  latent_dim: 81
  num_HL: 5
  opt_lr: 1.4950628648528307e-05
  opt_wd: 8.49562443460377e-06
score: -0.1
