config:
  batch_size: 64
  kernel: 4
  latent_dim: 113
  m_lambda: 1.6803806803164694
  num_CL: 4
  num_HL: 3
  opt_lr: 1.2515044820699228e-05
  opt_wd: 4.111624374306714e-06
  size_CL: 16
score: 0.7781690140845071
