config:
  batch_size: 128
  kernel: 4
  latent_dim: 51
  m_lambda: 2.855737694902068
  num_CL: 2
  num_HL: 3
  opt_lr: 0.00013193734238159483
  opt_wd: 6.1517973263720185e-06
  size_CL: 18
score: 0.7366197183098591
