config:
  umap_epochs: 184
  umap_mdist: 0.07543892787263085
  umap_ncomp: 89
  umap_neigh: 5
  umap_spread: 1.7717405681892897
score: 0.4295774647887324
