config:
  batch_size: 128
  latent_dim: 74
  num_HL: 3
  opt_lr: 4.1742700191649115e-05
  opt_wd: 4.419109089212818e-06
score: 0.652112676056338
