config:
  umap_epochs: 367
  umap_mdist: 0.03880691140741695
  umap_ncomp: 462
  umap_neigh: 5
  umap_spread: 0.661661720534594
score: 0.41784037558685444
