config:
  umap_mdist: 1.0716150481465894
  umap_ncomp: 323
  umap_neigh: 5
  umap_spread: 1.5383791903941868
score: 0.7688235294117647
