config:
  umap_epochs: 214
  umap_mdist: 1.9260652167055583
  umap_ncomp: 38
  umap_neigh: 109
  umap_spread: 1.9985403141945894
score: 0.5982200647249192
