config:
  batch_size: 128
  kernel: 4
  latent_dim: 69
  m_lambda: 0.2777890244989628
  num_CL: 4
  num_HL: 2
  opt_lr: 0.00011748362725371987
  opt_wd: 2.689423576269246e-06
  size_CL: 28
score: 0.823050847457627
