config:
  batch_size: 64
  kernel: 3
  latent_dim: 64
  m_lambda: 0.5757541379739448
  num_CL: 2
  num_HL: 2
  opt_lr: 2.352686922215458e-05
  opt_wd: 9.649148422599783e-06
  size_CL: 21
score: 0.7000847457627118
