config:
  down_HL: 8
  kernel_size: 7
  latent_dim: 8
  num_CL: 5
  num_HL: 2
  opt_lr: 0.0009087541984563165
  size_CL: 31
  size_HL: 142
score: 0.7911764705882353
