config:
  down_HL: 10
  kernel_size: 3
  latent_dim: 162
  model_lamda: 0.2647339620209235
  num_CL: 6
  num_HL: 2
  opt_lr: 0.00013571652527948988
  opt_wd: 5.178927242026203e-07
  size_CL: 19
  size_HL: 72
score: 0.7705932203389831
