config:
  down_HL: 3
  kernel_size: 2
  latent_dim: 262
  model_lamda: 1.9956929550181737
  num_CL: 4
  num_HL: 2
  opt_lr: 0.0002263692127504056
  opt_wd: 2.4106116660324454e-07
  size_CL: 28
  size_HL: 29
score: 0.7861380798274002
