config:
  batch_size: 128
  kernel: 4
  latent_dim: 75
  num_CL: 4
  num_HL: 2
  opt_lr: 3.0407668139117104e-05
  opt_wd: 2.7354458050807444e-06
  size_CL: 17
score: 0.7177966101694915
