config:
  batch_size: 128
  kernel: 4
  latent_dim: 80
  num_CL: 4
  num_HL: 2
  opt_lr: 0.00015752019976290326
  opt_wd: 1.6465600018004018e-09
  size_CL: 5
score: 0.8127966101694915
