config:
  batch_size: 64
  kernel: 3
  latent_dim: 57
  num_CL: 4
  num_HL: 2
  opt_lr: 3.74326421500596e-05
  opt_wd: 3.578160512977673e-06
  size_CL: 27
score: 0.784037558685446
