config:
  batch_size: 128
  latent_dim: 263
  m_lambda: 1.5932654310403398
  num_HL: 7
  opt_lr: 0.0002138008809755266
  opt_wd: 9.352173024729448e-06
score: 0.6720657276995305
