config:
  batch_size: 128
  latent_dim: 626
  num_HL: 2
  opt_lr: 1.2851612444650098e-05
  opt_wd: 5.087302784139794e-07
score: 0.7928571428571428
