config:
  batch_size: 128
  kernel: 4
  latent_dim: 717
  num_CL: 2
  num_HL: 2
  opt_lr: 0.000705109022205907
  opt_wd: 8.071893507684442e-07
  size_CL: 6
score: 0.8129661016949152
