config:
  umap_epochs: 590
  umap_mdist: 1.8873704963298679
  umap_ncomp: 145
  umap_neigh: 57
  umap_spread: 1.970547337663685
score: 0.56957928802589
