config:
  batch_size: 256
  down_HL: 11
  latent_dim: 68
  num_HL: 2
  opt_lr: 2.0892198349093558e-05
  opt_wd: 5.158582446587023e-06
  size_HL: 253
score: 0.6669014084507042
