config:
  batch_size: 64
  down_HL: 10
  latent_dim: 60
  num_HL: 7
  opt_lr: 0.00012084029423782338
  opt_wd: 4.778407755858063e-06
  size_HL: 205
score: 0.6715962441314554
