config:
  umap_epochs: 348
  umap_mdist: 1.3327591402929935
  umap_ncomp: 93
  umap_neigh: 13
  umap_spread: 1.92095002023744
score: 0.651564185544768
