config:
  batch_size: 32
  down_HL: 14
  latent_dim: 71
  num_HL: 2
  opt_lr: 0.0001395425846126885
  opt_wd: 8.02664270686084e-06
  size_HL: 396
score: 0.7111904761904762
