config:
  umap_epochs: 194
  umap_mdist: 1.3604655786915232
  umap_ncomp: 34
  umap_neigh: 5
  umap_spread: 1.5021730310029515
score: 0.7608823529411765
