config:
  batch_size: 32
  down_HL: 12
  latent_dim: 77
  num_HL: 2
  opt_lr: 0.00032152580009307705
  opt_wd: 1.0578610167173292e-06
  size_HL: 346
score: 0.7866774541531824
