config:
  umap_epochs: 158
  umap_mdist: 0.9908864870496401
  umap_ncomp: 12
  umap_neigh: 11
  umap_spread: 1.1704045872944586
score: 0.37089201877934275
