config:
  umap_epochs: 430
  umap_mdist: 0.806036748671032
  umap_ncomp: 33
  umap_neigh: 56
  umap_spread: 1.730069899573558
score: 0.2934272300469484
