config:
  batch_size: 64
  kernel: 3
  latent_dim: 47
  num_CL: 3
  num_HL: 2
  opt_lr: 7.52341625988106e-05
  opt_wd: 7.693106081199488e-06
  size_CL: 21
score: 0.8226470588235294
