config:
  batch_size: 64
  latent_dim: 76
  num_HL: 2
  opt_lr: 1.264099072916309e-05
  opt_wd: 3.870300373769676e-06
score: 0.7547619047619047
