config:
  batch_size: 64
  kernel: 4
  latent_dim: 257
  num_CL: 3
  num_HL: 2
  opt_lr: 3.303349579620048e-05
  opt_wd: 1.7193025871790305e-07
  size_CL: 9
score: 0.833529411764706
