config:
  batch_size: 128
  latent_dim: 531
  num_HL: 4
  opt_lr: 1.699228261620933e-05
  opt_wd: 4.506907862443392e-06
score: 0.6553990610328639
