config:
  umap_epochs: 390
  umap_mdist: 0.8875918172675765
  umap_ncomp: 108
  umap_neigh: 5
  umap_spread: 1.1266333046231956
score: 0.7723529411764706
