config:
  batch_size: 128
  latent_dim: 103
  m_lambda: 1.483476564973889
  num_HL: 8
  opt_lr: 1.3150296012283093e-05
  opt_wd: 1.4205629410663698e-06
score: 0.6816666666666668
