config:
  umap_epochs: 189
  umap_mdist: 0.8902628225199551
  umap_ncomp: 135
  umap_neigh: 4
  umap_spread: 1.0997279605241186
score: 0.6571428571428573
