config:
  umap_mdist: 1.401736013912438
  umap_ncomp: 220
  umap_neigh: 6
  umap_spread: 1.9977177359694536
score: 0.6476190476190476
