config:
  batch_size: 64
  latent_dim: 108
  m_lambda: 2.6949514136158803
  num_HL: 7
  opt_lr: 1.1054637514475205e-05
  opt_wd: 6.253884961138437e-06
score: 0.6875586854460094
