config:
  umap_mdist: 0.2653805247998535
  umap_ncomp: 273
  umap_neigh: 5
  umap_spread: 3
score: 0.431924882629108
