config:
  batch_size: 64
  latent_dim: 180
  num_HL: 3
  opt_lr: 9.359620699840806e-05
  opt_wd: 7.4228764013224595e-06
score: 0.6767605633802818
