config:
  batch_size: 128
  latent_dim: 285
  num_HL: 2
  opt_lr: 1.0857393925707967e-05
  opt_wd: 4.018526574759362e-06
score: 0.8147058823529412
