config:
  umap_epochs: 173
  umap_mdist: 0.17469232166208573
  umap_ncomp: 334
  umap_neigh: 5
  umap_spread: 1.9923078093206665
score: 0.41784037558685444
