config:
  batch_size: 128
  kernel: 3
  latent_dim: 160
  num_CL: 2
  num_HL: 2
  opt_lr: 1.6742982508362615e-05
  opt_wd: 1.4506328492216848e-06
  size_CL: 20
score: 0.7952380952380952
