config:
  batch_size: 128
  latent_dim: 465
  m_lambda: 2.1045716123748712
  num_HL: 8
  opt_lr: 2.6306193872118624e-05
  opt_wd: 5.012075266487798e-06
score: 0.7007142857142857
