config:
  batch_size: 256
  down_HL: 16
  latent_dim: 25
  num_HL: 7
  opt_lr: 3.104815667351509e-05
  opt_wd: 1.4404818078487003e-06
  size_HL: 56
score: -0.1
