config:
  down_HL: 4
  kernel_size: 7
  latent_dim: 9
  num_CL: 7
  num_HL: 2
  opt_lr: 0.00013610815966715135
  size_CL: 30
  size_HL: 119
score: 0.7764705882352941
