config:
  batch_size: 64
  latent_dim: 216
  m_lambda: 2.74088657842637
  num_HL: 8
  opt_lr: 2.451546513843486e-05
  opt_wd: 3.238562484406839e-06
score: 0.6842723004694835
