config:
  batch_size: 64
  kernel: 4
  latent_dim: 165
  num_CL: 2
  num_HL: 2
  opt_lr: 9.129830428987787e-05
  opt_wd: 1.7741427464199923e-06
  size_CL: 20
score: 0.8071428571428572
