config:
  batch_size: 256
  latent_dim: 156
  num_HL: 3
  opt_lr: 5.2899581276386944e-05
  opt_wd: 3.826312033330298e-06
score: 0.6600938967136151
