config:
  umap_epochs: 376
  umap_mdist: 1.2123914872165034
  umap_ncomp: 586
  umap_neigh: 11
  umap_spread: 1.3484175676451504
score: 0.643135593220339
