config:
  batch_size: 64
  latent_dim: 123
  m_lambda: 1.5631938665838965
  num_HL: 8
  opt_lr: 4.7128640537731376e-05
  opt_wd: 8.767080870185222e-06
score: 0.6771428571428573
