config:
  umap_epochs: 159
  umap_mdist: 1.047613277454791
  umap_ncomp: 47
  umap_neigh: 12
  umap_spread: 1.1043364171120498
score: 0.7676470588235295
