config:
  batch_size: 128
  kernel: 4
  latent_dim: 34
  m_lambda: 1.514280114315943
  num_CL: 4
  num_HL: 2
  opt_lr: 2.6779132449939477e-05
  opt_wd: 1.984535788768652e-06
  size_CL: 13
score: 0.848529411764706
