config:
  batch_size: 64
  latent_dim: 63
  m_lambda: 0.27216408632868383
  num_HL: 2
  opt_lr: 0.0007913986877377901
  opt_wd: 2.8155918885917927e-06
score: 0.7764705882352941
