config:
  batch_size: 128
  latent_dim: 89
  m_lambda: 2.7531606051270643
  num_HL: 7
  opt_lr: 0.0001756598355619687
  opt_wd: 9.126427216553243e-06
score: 0.7573529411764706
