config:
  batch_size: 128
  kernel: 3
  latent_dim: 658
  num_CL: 3
  num_HL: 2
  opt_lr: 1.938679326661043e-05
  opt_wd: 2.388643838645075e-06
  size_CL: 25
score: 0.7133802816901408
