config:
  batch_size: 64
  kernel: 4
  latent_dim: 516
  num_CL: 4
  num_HL: 2
  opt_lr: 2.8223670012054228e-05
  opt_wd: 3.2543974516735914e-06
  size_CL: 28
score: 0.7723004694835681
