config:
  batch_size: 64
  kernel: 4
  latent_dim: 167
  num_CL: 3
  num_HL: 2
  opt_lr: 0.00022332832362248803
  opt_wd: 4.004266966086437e-06
  size_CL: 3
score: 0.811271186440678
