config:
  batch_size: 64
  down_HL: 11
  latent_dim: 35
  num_HL: 2
  opt_lr: 0.000393466618710119
  opt_wd: 5.030069495055672e-06
  size_HL: 320
score: 0.7047619047619048
