config:
  umap_epochs: 349
  umap_mdist: 1.558350907995414
  umap_ncomp: 179
  umap_neigh: 11
  umap_spread: 1.735793132081389
score: 0.6504854368932039
