config:
  umap_epochs: 199
  umap_mdist: 1.4002684943472157
  umap_ncomp: 210
  umap_neigh: 13
  umap_spread: 1.6700910112482454
score: 0.6290677966101695
