config:
  batch_size: 128
  latent_dim: 255
  num_HL: 2
  opt_lr: 5.785325403953559e-05
  opt_wd: 8.794586993827202e-06
score: 0.8205882352941176
