config:
  batch_size: 128
  kernel: 3
  latent_dim: 144
  num_CL: 3
  num_HL: 2
  opt_lr: 0.0003744267610658072
  opt_wd: 4.4677428800662135e-06
  size_CL: 11
score: 0.8273529411764706
