config:
  latent_dim: 12
  num_HL: 2
  opt_lr: 7.494384150751481e-05
  opt_wd: 8.346404357964002e-06
score: 0.592018779342723
