config:
  batch_size: 64
  kernel: 4
  latent_dim: 422
  num_CL: 2
  num_HL: 2
  opt_lr: 0.00018266756667537532
  opt_wd: 3.845765579519211e-06
  size_CL: 20
score: 0.8047619047619048
