config:
  batch_size: 128
  latent_dim: 344
  num_HL: 2
  opt_lr: 1.2017250534437822e-05
  opt_wd: 9.493771981338077e-06
score: 0.7880952380952381
