config:
  batch_size: 92
  latent_dim: 90
  num_HL: 6
  opt_lr: 5.6069396123688804e-05
  opt_wd: 8.785138495997178e-06
score: 0.6748826291079812
