config:
  batch_size: 129
  latent_dim: 18
  m_lambda: 0.10874384201830854
  num_HL: 2
  opt_lr: 0.000312812014236401
  opt_wd: 2.0978488462515476e-06
score: 0.6830985915492958
