config:
  latent_dim: 120
  model_lamda: 1.106024877743714
  num_CL: 7
  num_HL: 6
  size_CL: 11
  size_HL: 111
score: 0.6895361380798274
