config:
  down_HL: 14
  kernel_size: 5
  latent_dim: 172
  model_lamda: 1.7258330149422711
  num_CL: 6
  num_HL: 2
  opt_lr: 0.00026707202391549077
  opt_wd: 8.446818819613884e-07
  size_CL: 21
  size_HL: 113
score: 0.7435275080906149
