config:
  batch_size: 64
  kernel: 2
  latent_dim: 240
  m_lambda: 0.1014971327723555
  num_CL: 4
  num_HL: 2
  opt_lr: 3.907557322439872e-05
  opt_wd: 8.91409497646997e-06
  size_CL: 24
score: 0.8095238095238095
