config:
  batch_size: 128
  kernel: 2
  latent_dim: 151
  m_lambda: 0.2796032313595286
  num_CL: 4
  num_HL: 2
  opt_lr: 0.00010834938565446765
  opt_wd: 2.3284056683380963e-07
  size_CL: 21
score: 0.7261904761904762
