config:
  batch_size: 32
  down_HL: 17
  latent_dim: 270
  num_HL: 2
  opt_lr: 0.0001460408679981374
  opt_wd: 7.064673846893483e-06
  size_HL: 118
score: 0.6318770226537216
