config:
  batch_size: 32
  down_HL: 7
  latent_dim: 191
  num_HL: 2
  opt_lr: 0.00021893627472199163
  opt_wd: 4.351990402631584e-06
  size_HL: 80
score: 0.6506472491909385
