config:
  umap_epochs: 540
  umap_mdist: 1.8567509528270856
  umap_ncomp: 194
  umap_neigh: 96
  umap_spread: 1.8576773336700305
score: 0.5851132686084142
