config:
  batch_size: 32
  down_HL: 4
  latent_dim: 184
  num_HL: 2
  opt_lr: 0.000798073240436259
  opt_wd: 9.847956412606568e-06
  size_HL: 351
score: 0.7770338983050847
