config:
  batch_size: 32
  down_HL: 8
  latent_dim: 198
  num_HL: 2
  opt_lr: 0.0006597759862036789
  opt_wd: 8.16556964053437e-06
  size_HL: 216
score: 0.7716101694915254
