config:
  umap_epochs: 419
  umap_mdist: 0.30284864310251935
  umap_ncomp: 53
  umap_neigh: 5
  umap_spread: 1.944780547068746
score: 0.42018779342723006
