config:
  down_HL: 16
  kernel_size: 4
  latent_dim: 151
  num_CL: 8
  num_HL: 2
  opt_lr: 1.0007465340739572e-05
  size_CL: 22
  size_HL: 95
score: 0.7238095238095238
