config:
  down_HL: 12
  kernel_size: 3
  latent_dim: 186
  model_lamda: 0.6648098561876785
  num_CL: 5
  num_HL: 2
  opt_lr: 0.0002021112008965666
  opt_wd: 6.271915211162686e-07
  size_CL: 12
  size_HL: 53
score: 0.7569047619047619
