config:
  batch_size: 128
  latent_dim: 72
  num_HL: 3
  opt_lr: 0.0002711465188265026
  opt_wd: 5.8404033443469755e-06
score: 0.6636150234741784
