config:
  down_HL: 8
  kernel_size: 4
  latent_dim: 255
  num_CL: 6
  num_HL: 2
  opt_lr: 3.361457702628153e-05
  size_CL: 10
  size_HL: 146
score: 0.7223004694835681
