config:
  batch_size: 64
  latent_dim: 91
  m_lambda: 0.4550931488301756
  num_HL: 2
  opt_lr: 0.000597389154650727
  opt_wd: 7.589669992026017e-06
score: 0.7794117647058824
