config:
  latent_dim: 44
  model_lamda: 1.3696331758864302
  num_CL: 6
  num_HL: 2
  size_CL: 17
  size_HL: 111
score: 0.7588983050847459
