config:
  batch_size: 66
  latent_dim: 66
  num_HL: 3
  opt_lr: 0.0002480658802726723
  opt_wd: 5.844149561569493e-06
score: 0.656338028169014
