config:
  batch_size: 32
  down_HL: 12
  latent_dim: 251
  num_HL: 2
  opt_lr: 0.0003380555933654405
  opt_wd: 9.224712138941338e-06
  size_HL: 399
score: 0.7735294117647059
